6212263006004004176
6214830239436115
6227001218940202336
6217003810031777389
6212260200019507264
6226800041110790
6227001592750144345
6222021205007746823
6227002001532909974
6217996100014589699
6228480322453547919
6221885980001222560
6228481738849471879
6228480470712004618
6228480048323414671
5280200400753352
6222021107007635347
6217001210042871556
6212264402038960013
6217231102001839728
6226880021639893
6212264200005923638
6214837216295661
6221503380009698543
6217582000015590888
6228480078142647979
6221883320020553095
6222020409027436255
6212262105001705107
6216618102001416571
6225757547466657
6214836330930658
6228480332961575815
6222023100073694361
6226200104964557
4367422004770080548
6217004220026238034
6217710801343625
6212262505002223317
6217003810047726016
6217231208003715939
6217001420000485378
6228480432634467315
6228481920395105214
6226192601136039
3568891123223703
6217251400017006992
6214850112228009
6227000013411189505
6236681680000338508
6212263100031392215
6228480468692618878
6212264301002041455
6259654183564599
6228481139851210174
6225887853020341
6217997030004579815
6230944470000021049
6217995570007764908
6228270321231696471
6228483878039051178
6217001540008174615
6217000010077854183
6217002960102331771
6217001820017247531
6228482848047184577
6217001450005264346
6217983750000008487
6217001830009537518
9558800200139511550
6210986737003907320
6212262201004761369
6217856300002440249
6236680940001180171
6217582600004848526
6214855121961912
6217001210063359614
6217230200000951006
6222081202007846734
6226090110308208
6258081030107953
622908346960270115
6212262111002198391
6216600100001494341
6216690800000087829
6217001420008192091
6212262201022469169
6212262404003273432
6214830271616749
6215582201001443819
6228450468068553077
6212262014003236634
6228480688719149173
6214850219738595
6236687200002057883
6221881900187323044
6217003810050959041
6225880138622676
6227001832650193962
6222084000001768814
6214835190325405
6227001833080104462
6217996100030114571
6217003810001788960
6214830255313297
6217857600002909252
6228481466692802871
6227004402100018966
6217993630002111844
6217002920003642544
6228480338710443270
6222021001146383986
6228480388339639873
6227004405600117774
6228480668710630371
6222020511003431273
6212262509000817583
6225880169476158
6217903100010349140
5522450320009900
6228480316148944366
6217000010033205744
6212262402012935785
6212261509001809622
6222024301018679900
6217582600006209487
6228100011239077
6227001242180166134
6228480469356271277
6228481198412421670
6212264301003693858
6217997130005713940
6217856000052717807
6229100015715329
6222081001017132089
6212263803006597342
6212262003008183495
6228480156037826666
5268550484623251
6217231203000119821
6227001832620159135
6214838714826858
6227000672810015775
6236681420009466665
6216610800001689174
6214921800476893
6216262000008853011
6222084200002280922
6217003860024965194
6212262102003936871
6214830150758851
6217007100023160067
6217003760015311194
6222021106010623126
6217003120016376763
6217001540006584914
6212273100001768806
6227002871580485121
6217000780001424648
6228480028365729871
6212263301000830892
6225882301299225
6217002870009559665
6236681830001147495
6227001265009554511
6222023100076748933
6217001430003023498
6228450468076749170
6212261207010691590
6217002340004535698
6236682980000883662
5124660009119026
6225887904554512
6228480316019228261
6217560100003196684
6217003900003071612
6217007100007133783
6229024460044102
6217002390009114379
6217001540010344131
6214830226226685
6228484092817624219
6228480018530184573
6236681480005075290
6212261001051600754
6217580100002536001
5268550484514187
6217003880001063250
6217007120000036213
6214830232851732
6236681370000547833
6228480418648392573
6214920600873713
6215593901004701595
6212263901005488008
4984511223585058
6222024301048368995
6217002000035748153
6228483828688865477
6228480086730056974
6217233003000384542
6228480868456878776
6225768758376063
6225768733232316
6228480470849887216
6217996100011045984
6222080302013359044
6212261606001883027
6227000734720226775
6222023100089359249
6228482558808002377
6214834116311649
6225882123462159
6222802451101053485
6226220510003964
6222024402015887759
6227003325650164420
6214830206731506
6214839312115769
6217563100005121885
6214850241565339
6214830258737161
6217002000021946225
6222082713000605710
6212263602077750727
6226096554486707
6217001650005230482
4563517614301538341
6217003760030203418
6228480501956886110
6228480478366633871
6217002870052120084
6222021102055291473
6212261607005135810
6212264402028294860
6215983760004038756
6228491720010067916
6225880158820937
5324580020923263
6222801671381003550
6227002874500480404
6217566200015620657
6221502900023020423
6217000010020794858
6227000785050169555
6227002951070140921
6225881257965391
5201521375754950
6222020200101738306
6228480468728169979
4682034578658888
6225230684130049
9559980310250019810
6228482558657342478
6228480361535858316
6227001311710121313
4062522872527650
6222021307004541221
6217001650004839242
6217000010010361486
6222021001130847541
6228481956135263665
4062520002765406
6226222704911861
6227003769000514844
6236682830001794790
6217000060020950539
4367421376310096353
6228481198642749973
6217001440000054628
6228480331331297910
6226226300423965
6229100024131740
6225887817151521
6217993300025895209
6227003694530175967
6222081001013279066
6225750002050900
6217004150003919084
6228211190006942911
6214838610300925
6217582000024858474
6236684220003247096
6217856100027844791
6228480851774804518
6216606101000304568
6222081102006053185
6227003370270080655
6217001210000765972
6226227707455006
6227000012940281445
6222020503002669151
6222081210003571842
4392250034546183
6217003810021239325
6230200220544618
6217003370008903708
6217856200021573006
6228480394519089715
6217000630000225852
6214858710347998
6217996225000054448
6216613200018750266
6236684020000119573
6216613200016736556
6227002201313899994
6217003320033997464
6217233901003200302
6217002340009313885
6212263901011150048
4392268330163222
6227001822540095295
6217001500002243741
6228480371085316912
6228482948334054275
6222082307000505390
6236684140000956996
6236683960000045644
6217251400018535734
6214850232996329
6228481198259989375
6227000320110248387
6217001210069985990
6212262507001948704
6236680260002354273
6217001540011180971
6217007200025631618
6217001540000722049
6217995800050450521
5240709351447102
6217001210059900025
6212261408003965765
6215581115003637197
6217003810040449970
6236683320007888647
6212261204001524039
6212261202003911071
6212264100024450433
4367420013610209870
6217007200019889727
6227002006780056352
6222081302003681950
6217231105000869679
6227000013410877555
6210812450003308263
6216262000005944805
6212261406001571791
6222082402001765158
6212262313000204870
6222802452591003089
6215581105003264829
6214837555800345
6222021707003210753
4367420471050149750
6216914100615144
6214830299265198
6013826203003253043
6217003810026610009
6222022103004812384
6228480566033255969
6216912000869795
5324580004348818
6212261001010826128
6217001540016783100
6217007100002975857
6217002660004551589
6217002390000633542
6217995800039456607
6228480615518858811
6217003760039349063
6222021307006038150
6217993000161719995
6221883000015972639
6226682000761585
6228480148799689671
6217003760026739201
6217002580001996613
6217000010012045731
6217233100004185741
6217003810009103022
6222081001029909532
6217007110008691341
6222021115006131861
6212841199460035551
6217004220028225518
6228481190842886515
6228480030561256618
6228481680592852311
6228480286328088666
6217850800012441307
6228480838816611977
6217001460010524022
6222021203019492460
6217004220019255268
6225220304856776
6259655592164764
4367420012240065645
6221884920003927361
6227003812790103368
6222022003002027201
6236681480001818818
6221682296020378
6214830282603942
6216611400004348792
6228480798925903972
6217587000004101247
6217856100054841934
6228410310007318718
6230200053484338
6217001370018790238
6228480321373246016
6217003810043562142
6222801216641019622
6228480628872890775
6225881237956122
6227001260050079443
6228480759205859078
6228453508037603474
6222022407000289699
6228480318096114372
6217986770000047795
6259570001089579
6222021402012876568
6228481770422598612
6217001460001399400
6221682201927006
6217000010061032085
6228480038602348971
6228480020750705012
6212261203012619994
6228210850020369018
6217000410001398499
6217858300021661765
6228480031750691615
6228480606724537570
6217993300031609552
6222084000006030632
6217251400017990179
6221506652000219231
6228482109601096479
6217003810048587698
6210811594030227284
6221882900072537756
6283050000570705
6217001930001316059
6228480328227476970
6228480318137311672
6227001823820307087
6222081207004886153
6228450226007078568
4984511234542452
6217002240005331123
6222021804002239386
6212264402039651041
6217230508000248862
6227001824190254149
6225561361903278
6227003220040321691
6210811597250110775
6217862600000638260
5203821312228060
6217002920113865225
6217001830005174779
6259980003458583
6217853600028570975
6217001260005314326
6212261911003259428
6228482831539187019
6217996400010244004
6228481394737116919
6216610200011743188
6217001210017749951
6222023602067011916
6216600800000504533
6228480959596759974
6228481658466792979
6222081103002890687
6217855000035526235
6236683760004455348
9558803602145053724
4367455169685042
6217857000041900760
6217711602283200
6217001320002486087
6222083700005526156
6217003240006165750
6217004220029920471
6227001824090597639
6226662700156914
6217993000169289009
4367420940450186802
6228480860566935513
6217003810045704916
6228480338039860972
6228481020574967110
6217001700003134614
6217003240009176556
6222801755011010836
6212262505001208517
6221504330001264041
6222023301030954977
6216607800000437661
6216910201452718
6217002920119679364
6217986400000066237
6228480340310965017
6225768785654383
6228480128426580170
6217003810018190150
6228480868485721476
3568950023142627
6217003810053657667
6228480031179907311
6212260302002771509
6227000191210120390
6217002020051552677
6212261001053865389
6212261102019761090
6217003810011404004
6013823100077201267
6222801376571059186
6226662801008717
6013822700107221820
6222001608101600982
6217003910002196294
6227003233240081742
6227003860150252952
6217850500000196380
6228482108500792170
6217906000005360564
6212261404001986267
3568390008622022
6227003764230389307
6228480038406019570
6217001210037157946
5264101593935790
6227001218610201857
6214830216007608
6217850200007156780
6221886731030629278
6217003610004998685
6217003810040294756
6226622803981725
6236680130000286969
6222023500022700377
6217850100005631406
6228482828513882078
6259651402116870
6228481530542663914
6217232105000701509
6227001862690238808
6217003040102706907
6217001440002560101
6217000010005758654
6228480528824936876
6216916500069327
6228480292604520711
6217000580000722533
6212263009000646735
6231560600202452
6228480434545294812
6236683370001384226
6227000520040092868
6226230204566036
6222021001124906683
6228480409590829571
6217001140000422201
5203821213938320
6215583100005045027
6212262201015978655
6227007113840189978
6236681260000494344
6212262201009328453
6226632700631125
4270200033637092
6216666101000909009
6212261001017946101
6228480321836016311
622848034883969573
6217232512000133114
6217850800010731253
6217994330005795078
6228480470606629512
6212260200077963060
6228481938589087972
6222022508000813808
6227000490300045347
6216668100002013818
6217230607000415560
6227003174020191030
5289311630011353
6222081605000669780
6222020711002756361
6222023012003342823
6215591302000578297
6217996710005688555
6210810730018889015
6217994330004218668
6214831215085579
6217001440004744018
6222021311009175027
6228480415778727271
6217001210051304333
6236682870000792015
6282880039141206
6212262014003829628
4367422009540210820
6216610200014152627
6259960087273819
6227003413000172283
6222081210004474772
6217993000180892120
6228480083248813111
6217855000039524129
6226220806142971
6221560692312559
6210985061021663810
6228481918137720977
6217001540017445873
6217003150000049258
6212260200105026245
6228481972338146417
6230582000048823192
6217003640003824863
6212262402013060054
6228480134379452714
6216616314000552478
6226880059967067
6228481198277620978
6225884202660828
6217230506000523649
6013823200049772278
6228270087513256886
6228481158820742471
6229180019067604
6212262609000700779
6228482098664168673
6212261105001793401
6227002080080210399
6228480405641489175
6228481406695412377
5182128017721398
6222801494051079028
6214836557923899
6236687120000397687
6228461278001991574
6227000731650153235
6225768762607750
4392268328124673
6227003126130077277
6258081360130906
6217003650001296220
6222004301101900647
6212262502018401367
6228488389191787271
6212261102018998479
6212262003004392058
6212262703004213606
6228480028034888777
6013822200007222739
6228481758566371672
6212264100005755099
6282680030925726
6228480018527460572
6228481198490346476
6217001540012168157
6222021707012355870
6217995810002524216
6228480404594728317
6217001820012815043
6228480414440997511
6222080602000198671
6228481336000842663
6216919000051092
6212260302020903480
6217001650005656991
6217001670004437649
6212263100020853946
6228481975783365978
6210986110003978453
6212261210000688436
6217007100003091316
6225884270442257
6259655801616182
6222801204570080617
6230582000049954913
6259190035728066
6228480128432962073
6227001218470347162
6217007110004179754
6217002870026647626
6214850282636163
6210985971001350206
6217002920117755653
6228410330427348814
5239590003876572
6217002340017988124
6210981771002941662
6221883670001697125
6217858300019154252
6228480332947379118
6217001210010337523
6221560594389820
6227000580650034873
6228480318011873078
4063661372599840
6222020200080585561
6222021203007632978
6226220618342215
6222081509001212345
6221682298138202
6212262308001711337
6222021001142924536
6217856200003807497
6217856500004485064
6236681540001110027
6236681930003981055
622908391273801115
6214830292068854
6212843950150048058
6228483429089178477
6226223101131590
6212261318000914643
6212260302013855457
6228484156030061762
6228480370175721015
6222020403028358865
6217002020040154155
6217230712000224101
6228480318196545772
6228481099049291470
4367455063115484
6259960045581147
6013827006002902471
6217995510001685964
6217003170013469806
6226662001295239
6216610200004038612
6259581301310383
6222020709000848008
6221681008793835
6217002110002530847
6217000430001091548
6228481586043640868
6222021001081112960
6222023100084393557
6227003920170280340
6217858100007043560
6228480519252942379
6217003810041174064
6222081203007216217
6217993320004390162
6228480338426096875
6228481139155694974
6222023602092194828
6210811594140303736
9558881001002188860
6228483878026587879
6216616502000315801
6210810730031115000
6217001830005430882
6227000014420426318
6217001250001406101
6226981200323307
5124250210025632
6222081210003389237
6228481998538251670
6228480031600919117
6210811592700058716
6259072198651931
6227001375560231258
6217001260007428637
6210985883003295620
6215581512000367440
6227003374330028571
6217003760102171345
6212263400001770188
6222802922031007130
6215581302002073836
6217996550004160242
6228483469756436279
6228483158493730371
6227003761820057369
6217233301000153549
5187187014298706
6217003160003121806
6226890050369171
6228480425602179979
6217004220028614927
6227003321450169206
6214850216770153
6217004260007343577
6217000010049632584
6222001302101459413
6217992600004884210
6212263602040865388
6228481399677061579
6228452898009659872
6217855000032010795
6214830258125003
6217004220013644210
6228480332536536417
4367480093944414
6217001370022908917
9555507558117325
6214830289338955
6230580000022456540
6225551343212450
6228480110600597915
5201088012970365
6217993680010196451
6228480603882751119
6228480086159665073
6217001260008562806
6228480348600625670
6212262102007278346
6217003240008909924
4392260806155584
6228480010514128619
6228480018277396976
4062522846195162
6217996281001147855
6228480405469742473
6227605717987119
6259650803526695
6217853600009312785
6228480361093052815
6212261102018847338
6212262303002783906
6212261111001308729
6222081204002668535
6222081205002445527
6217995580007442421
6226095950064985
6228480338722000472
6236683320007161557
6217003760012394854
6217001870001827632
6212263100029852584
6226190304620440
6228270607205121177
6214835120286552
6236682030000577615
6228480323082799517
6230580000050534259
6259970002435773
6228480432851226915
6227003769000919647
6216613100018998891
6212262513000163766
6222802004661004131
6221881660009877482
6217002200005736598
6228480370812922414
6228480718498722476
6228480038505364075
6217000180009255583
370246010352426
6228480418836884472
6227000291160101752
6217003160003742957
4895920322133710
6228481459716126872
5123160163931325
6221505910000067021
3568560111434743
6215582711000778130
6212261502000416226
6214862113830311
6227000600010054393
6222082703001974801
6228482958228419773
6221507091000958473
6222021109005451271
6217853100009626169
6217857600005607283
6212262402020854762
6212263803009915913
6227523301291501
6222021206000545949
6212262110002206329
6228480342928491113
6225561620641040
6228480321559433115
6217000010059059041
6212262505003364896
6259691102720795
6212263602021144035
6217993740010600959
6210985840017465433
6222020402039338668
6228480332161930810
6217000780024828429
6222021706015110290
6222081108001223848
6217003120011141121
6217996510007333899
6222020302065800484
6217858500006608406
6228480425037755476
6225881290251098
6227000781140263094
6222802180971870799
6228481998021905876
6214856558717959
6222022517001974162
6217002000015711528
6217997300039271229
6217003810035359036
6212264301001743705
6228480469238961772
6225768732937501
6232111820001410885
6216615300003601405
6227001244070110743
6225880207319535
6217996730014191565
6214851213987501
6212262018006617856
6212260403008001485
6222021001097443797
6227002342344663163
6217001270005200771
6212261001015244327
6228460460004528519
6216910305231737
6228481198650587471
6228480478245374671
6212261102016164470
6217003810014276193
6212263400014511611
6215581302002486954
6217002110001444818
6212261202014613849
6221560690739993
6228480089466908277
6212261613001778769
6228270311160206376
6217222806000098273
6217000180012634832
6217850800007432477
6227594306863248
6222021208019765443
6228481833079826114
6227001333130078386
6217857600008939212
6228480678772335975
6217001270009493190
6222021203024261843
6228480478330764570
6212261001042801974
6217002000017688062
6210986530027060113
6217682300913739
6215591318000647197
6222032902000872609
6228480455802086872
6222380019010276
6228483620602798615
6215591903000600559
6225561470221752
6226890015648610
6228480048822890470
6216910207944312
6212261606003880328
6228480470597260913
6228481379128742670
6212262313001146914
6217002670010214304
6227001541800477049
6228480031012539818
6217230302002524649
4367421376000135180
6217906100000894573
6222020200076267786
6217995520004881262
6217003940001369683
6214850222776103
6217007100010434665
6228483658597482779
6214835511393736
6217004350002258670
6228480031263781317
6214994221110300
6228480128318959979
6228480128451502578
6226900819577251
6228480342092082110
6210981000010731927
6214830107456674
6214833114510673
6228480318196657874
6217001240004868423
6212264402029555558
6221886530119905199
6222021001006476508
6217003090002622118
6217906100005122228
9558802517110840890
6217582000022689293
6236682340000752617
6221885810019111267
6221885131035534915
4367420422080401463
6212264000054197401
6227003124130050212
6217002100004189189
6212253202008850944
4367480103194083
6222769901014943
6215593202009764880
6228100046283298
6222084301005504241
6217001240010620263
5203821640572643
6217995200106787358
6215996030002665983
6217001370023186539
6228481991568120611
6228481778555999879
6228480435360917072
6228482401689087011
6228460770007846118
6228481658524579970
6228482128270316570
6222001001127723808
6226230003281084
6212263202011351011
6259652800184049
6228483340682341117
6212260200023579200
6217858000057115567
4895920336550586
6226090203278441
6217004540011393118
6212263012002559187
6228270341223794076
4367423381700302229
6221550347365383
6217994910007660527
6228480619772998172
6222022114001406591
6217001440004423076
6217003640005307727
6212262011019209266
6221662143529896
6217001720005453770
6226230029408638
6212261001033971372
6217995510003814455
6222023202047487979
6217253100011096423
6217867000000069902
6228480318151181670
6217001820021156330
6227000901870077882
6217995690000070721
6217001460003737367
6217000180011577297
5268550401806088
6212263006004010223
4367420460140168839
6214837572533408
6222803767251244338
6229015222091100
6217994530004973515
6228482378588313070
6228480018641429875
6217000210010969953
6217000060008210641
6212263002007325726
6217000010056386082
6226200580127299
6228483970890010011
6222082502003546694
4340622450173259
6228480399623573470
5201088016251440
6217001760001817339
4367420066120000775
6222370224428322
6228451638035436973
6228480068674928475
6217563200042612399
6216911900371852
6228480469652124378
6228480405538582876
6228410330242863112
6217003610000912680
6217002930105157838
6217002920120212296
6215584402007632318
4270305600064321
4100625138790808
6217903200002650412
6222023002012101963
6230941210000317010
3568390062616365
6217993000234974718
6217003760028341774
6217582000015714694
6212261001011177497
6217857000016160275
6228481438947414976
6222021204012190226
6236683170000826247
6222021001044443346
6212260502010596083
6212260200099948297
6217003090012402972
6228480129935910270
6217002160012987016
6221660075664715
6236683980000021544
6212261702023789662
6226880058321837
4270300053815030
6217562700000111772
6221886560003771274
6259650555714580
6221662224232279
9558812402101335853
6226800040860577
6228480656582072566
6227003860990028760
6215590200010332245
6228482828633636479
6228460200006827216
6227003762350038704
6228480318080435577
6226220623752515
6214837805345133
6215593100001212645
6217002020028626521
6227002662090308634
6217004220016581542
6227001833610474336
6226620904168986
6217993000233461097
4720680938588886
6228480409415492670
6217994730019154388
6216612800004230917
6227003982540148474
6217001630009888006
6222020607002208850
6228480405698367779
6227003529800084327
4340621820347908
6228480866238576866
6228483878072164474
6212261408003299439
6222021202031888911
6217906100003943757
6217003370004880025
6217856400007834881
6228481198089687777
6226010003713900
6210984230001435967
6227000734900326627
6228480368444501176
6216613200015553606
6217007200028439670
6258091660250395
6227609421306822
6217002740027416224
6217920681174004
6228480028424909977
6212260200019505763
6210986225001865286
6217002920128122786
6217852600002007342
6222083202008595981
6227003811170503577
6228480318075862975
6228481928258734871
6227003373180041296
6236683880000095300
6215581803002356584
6217003580001043761
6217998800031629893
6221560694095632
6221884960025576697
6228480031636186913
6217857000054087604
6228480838387575072
6222081115001923962
6212263100015143204
6228481948039779177
6221662096246910
6214830215290759
6222802214211782652
6217002920125485574
6217003590002322965
6217001540009743814
6217003760038890745
6228450566001600366
6228480158161502071
6228481778343129573
6210983632000408781
6227003767940129954
6227003813340172309
6214850217800736
6217003810022871092
6215696000002480959
6212261402021532129
4563510400009127976
6217233400001921662
6222021818004092833
6217850100001313298
6217993300009695989
6217001820012494955
6217001140011675169
6228480031472711717
6228480038699000071
6212262010021597122
6215583400001716708
6212264301008151050
6217002870013205131
6215582310000861192
6217562800008064989
6228481538417449970
6259655802658811
6228480470916491710
6212264402029685785
6217003370012858914
6217001240001084354
9558803901102747975
6228480419601877774
6229027091346101
6229100021263561
6212261111001588957
6230580000062556126
4270300052700597
6228481418758902970
6217002000019417551
6217906500015304270
6217003170006246971
6217007200005444327
6228481619399610779
6227000010110108448
6217003810040648068
6214853710616112
6214831287566118
6215996550001171253
6212262515001443873
6228480359396173171
6217994280001467729
6259614099547104
6227004223640022890
6222023301020173240
6228483976218716163
4367421205470719720
6228481425014838013
5309900063275471
6217231208004734566
6228480138176826376
6217996570007009261
6217566200016165165
6217002110000532860
6217858000061270317
6217853100007909054
6212260200059581260
6217906000002077633
6222021615008085866
6217002920125849456
6236683320007781099
6228481109371806272
6212263602046280111
6221501100002576229
6228481776153578764
6217580100005876990
6217007100006756923
6228481109374872271
6222020404011722612
6227004580302062104
6228480372515060815
6013822000623075101
6217680502780930
6227001449020027703
6227000262110269478
6217900600012983989
6236681830004784625
6225888740170893
6216910206863398
6222370056624667
6217850800003111059
6228480018495802672
6222021001086558191
6217001730002637895
6222080200014709359
6217002940000751783
6212830100000161900
6217002660004002955
6216692600000305587
6222081203005207796
6215995965000229756
622909363729645411
6227001216260466564
6228481338440814476
6217995960000711735
6217001140010114186
6228480461928016215
6228480405798123874
6217993770000029299
6228481542932609514
6215581109002982084
5280200497843090
6217007110009871884
6217003010101448652
6222021308000173431
6222082201001183002
6250861168155108
6217003110016629584
6228480349404784176
6236681460006175414
4096700358077651
6214858713947737
6228480318183843677
6222021001088563975
6217001780008151219
6214835102476973
6221883610011708694
6212260512001006497
6217007200037324822
6228480639128517575
6227002008510360583
6217003760103300364
6212262111003957324
6217858500001468772
6217001250010258386
6228482828737535874
6225751103633446
6225222200105621
6217001370024132565
6225885357465707
6217996100001977337
6236683480000668790
6222084000006932571
6227002200036078829
6217003760034722041
6236683380000486740
6212261001020898182
6215583700000916864
6217902000005714616
4026745083376758
6227003172370632645
6227001636710182901
6212262013013139697
6217001210070950850
6222081103001067618
6212261714002366115
6214992960007240
6217001630006237025
6217002920102940260
6217996240002226266
5442430056202322
6210810730008534563
6216666200001138038
6227000361160046552
6217002020038505590
4580651203804273
6212260502011095457
6217231103000663192
6226620409218344
6013827001007704543
6222021001038129737
6222022610007336526
6217003810020597202
6217855000043566314
6228480128306005272
6217000450005191581
6217231302002090582
6217852700005526270
6212262407003157976
6222023100090876108
6236684540000261968
4367455146752246
6230583000003662550
6222083202012957516
6222807200321019866
6227000011171151897
6216617800007875747
6221660061013554
6228481456703657174
6217253100003957384
6212262409000747056
6226091210584755
6225757583717286
6227001725010013526
6228480908337104578
6228411920260068617
6228480246074748665
6214850206411677
6217002300004968521
6222024301021457922
6210985971000575472
6222021102049257945
6216611300008043532
6217000140010917472
6222020403009610649
4367420282142106405
6225885730003407
6212260710001399785
6217000060007723453
6217996636000356353
6212264402014714012
6228481528452235673
6225885864016779
6217582600000346038
6217003970000060850
6228483429539796878
6259960024776700
6217001210061558647
6228480088693120979
6228481176437726174
6228481778170020473
6214660130013485
6217000900000649173
6217230402000130991
6222022404003977099
6217858300026182254
6214835713153847
6226202601276931
6227000351180092132
6228480038453313173
6212261203000523059
5268550480685551
6212261718001885355
6222082317001188567
6228483424636128919
6217003810006473733
6217997071000162446
6228483469868572078
6217856100048744301
6222021001126384962
6217002190002666247
6212262010009935641
6227000340510862355
6214851216343579
6217001830008637053
6222980028940387
6228480031510890317
6217000450003030088
6222020802000231661
6217001820011377169
6212262003004526663
6217003760104295332
6222081107001435519
6221505530002381459
6217001370027712975
6226000013287763
6228480038424975472
6228480378821210671
6217851400000523056
6228480462264084718
6228480455783439777
6217996770002019345
6228480369172669078
6222021901019681152
6217003860003851134
6228480338064781671
6228485036006029366
6228480379409653472
6228484020581183013
6270660199667461
6214838902883133
6259588669098278
6212264301012794572
6215591102000131745
6212260704002509930
6259690011258558
6217003650000764210
6228480639136142077
6228480478301298376
6217001210020135966
6217007100019736938
6212261603007084023
6221506400003467773
6258081652358578
6217232507000125052
6212262107002584150
6217852600014434914
6212262806000818466
6222021707000553775
6228480408360662170
6227002640090314224
6212264402022382133
4367421540527103118
6222802281411216146
4063651357795281
4062540003721273
5201521353532139
6228483358586437070
6222021102041857387
6228480078100925177
6229180010378786
6228482868084555075
6212262402008972198
6236683860001715551
6217002920133190760
6228480030147550815
6215581105005024841
6212261207012973350
6222300463538267
6215593700004702649
6222023100015435899
6212880509000084921
6216618003000834402
6217230905000800660
6217003090005459062
6228480478548989670
6259066302032202
6217002000020174449
6212262402009255080
5280200400929275
6228482089513092776
6217852000007524872
6222000200109133082
6217001440002608082
6216607000001571978
6228481198273310673
6228480468192684875
6217997830000279447
6222020200005868662
6228480118352072870
6212263100030979475
6212260302014577696
6215582310002410352
6214835791467705
4563511100110182014
6228483968399136279
6215983760002528444
6227003900400309598
6259588674679096
6217995200170335415
6232082800009260537
6217003810021328052
6210812450003490764
6226621300906870
6228480959605989273
6212261706006217518
6214838580068437
6228484138606531071
6227001480010229322
6210810730017343915
6222021001104527186
6212263803008274486
6217002430010944610
6228360016903248
6217003670005750048
6217855000003136322
6214763100000000055
6222021204017316149
6227003631060420066
6214661420159624
4340623320945082
6215583901000964488
6232082800001375754
6212261818001095714
6212263100030312420
6217003810028488636
6217003760028556462
6222020603013987459
6221550700737871
6212262402009614930
6228480318116275971
6217003860012787899
6227000013500350935
6217003890005520916
6217001210039358997
6228482688223702572
4563511500007182037
6228480508690334471
6222021102000645633
6228480388005554976
6236683210000192214
6225212603592533
6217003370013909716
6228480908193137977
6217001340001831042
6236683860000168141
6222083100006224564
4367450050390406
6214830252134381
6228433629602248977
6217002940101659547
6228482388762921572
6210812430019598214
6221775506601241
6228480038592716070
6217003810041310502
6217003490001329162
5124257860820618
6217001480004413099
6217000410003414096
6227001277511495356
6225680721002007875
5280200498925771
6217004620000386818
6221550358033557
6227000784560099774
6222023500016425189
9558803602101977916
6221560690469732
6212262002007797339
377155023629287
6217003900003201078
6216616207002525247
6217996110000338159
6217231102003100004
6212262515002291446
6217001450001496546
6217856100044864418
6214836311741991
6217000010058057749
6212260506000463840
6212261001030360926
6217003860016626747
6225881231087411
6227003811670349117
6217993000105339397
6212263002004416494
6236681860001089991
6222004402101144770
6222021001107912872
6217002870031644485
6222023602089475156
6217001210053954085
6222023400020212006
6217003900002601443
6225768767034265
5324505052615396
6227003601940205599
6228480279010208577
6217996570004964310
6228481198469207170
6222080200018553720
6222801447151183074
6013827800014052311
6217002740027036451
5201088010265271
6210987910036934855
9559980030696494217
4367480050607665
6228482108501518673
6217002000026507022
6210812570002784444
6228480868243299773
4367450104738519
6221503040000222798
6217002340002032565
6217001210006347924
5324582013743260
6217258100011813558
6217993000155792529
6212260609000368983
6217001460009037002
6227001421890083348
622908426096513214
6217001210012595532
6212883602001056290
6225768764424683
6222024301015283284
6221886020075925050
6215581105003514801
6228484020100388812
6212263602043143619
6215996017000115681
6228480651911059319
6236682920000524098
6214837550814937
6214830250865739
6217003760102511672
6217001300002100250
6222021105006251793
4062522876306846
6259655592980334
6212261001014471046
6214855741547133
6226681300279033
6217856300018854458
6228480329245250371
6217004220017317532
6236681450001630174
6217001450007357577
6217002920120358479
6228482388342685978
6214833510079364
6228480310586306915
6215983760005527641
6214856570062095
6228483316209569067
622908456209289915
6217856100002215629
6226880006521819
6217003370006728396
6227003180610127805
6222021911002857370
6217002020030704043
6217001590002729716
6217232515000007899
6217003440001410140
6214851213343747
6228481256457965363
6222370191099692
6228480339117040578
6228430339646943673
6217232903000110527
6228480652066105915
6216910207962629
6212262201017740947
6228480099866213871
6217004330002326982
6217003450001491578
6236683260000918035
6259074428381040
6215583100002558188
6228480178339300273
6212262102001305749
6228480070296514212
5316930003886500
6227001215130016971
6222021001001709556
6215581502000970632
6212261607005997581
6228480211387648911
6217984750000360937
6217991710001240828
6217001210023900259
6212264301015644261
6217231602000881985
6230943760001104690
6217731900585783
6217003440000791896
6217234301002289514
622908436355301011
6217001860000845503
6259076241345417
6222024402040724027
6227000732160289683
6228480512974545919
6227004221330119182
6210981660000799687
6228481154031989019
6222021001136221071
6217002120002648572
6217003950002545314
6217003810038069632
6222081202005306822
6217991600000104648
6217856200003618167
5280200004305302
6236680260002475391
6228480626443701877
6217856000004892617
6236680340000228370
6228480322620582211
6217997300037039396
6217001480006324047
4367420012540145337
6228480409196921178
6217003320006344207
6210983000082568304
4367422001670238259
6222081001029868928
6228482168053441674
6228481002490711012
6217002000012620698
6212262011025024535
6228483308138120674
6212261202018060062
6217905300000574636
6228480441352543017
6217002970104384629
6212261606003165480
6217003320038188275
5289311644958227
6216610200015863198
6217233901002396911
6216602000001350964
6228480322631419114
6222020410019930339
6230200093380496
4563516106004313982
6228481278675628177
6214837801916655
6212811103000086765
6227001333090066355
6210810730014496682
6228480625308810211
6217002460021248735
6214835320338559
6226630901181924
6222020506005784851
6228480288736052771
6212883202001639722
6228480606665594473
6228481680593570110
6253624007654443
6217868400000657301
6259588674963599
4062522854385507
6228480379363560770
6226662101653634
4062540673200319
6222023602080043524
6217002180005250446
6227003812581005061
6236681270001067007
6212263901014681338
6214831215151421
6236681250001347260
6236680140002390529
6228482136364144964
6214858710637299
6217857000025794015
6228480038750615478
6222023014005191877
6214677200008756883
6222021302005177489
9559981938433610219
6227003661150192473
6217996510003467600
6228480848605520776
6226090270696822
6228480226048348966
6212260402013001548
6214830138730782
6217995800039735562
6217003600001265717
6216610200007333390
6214837573641887
6228480908389397575
6222081901001043798
6217001440004847662
3568570112305800
6226890070253017
6214662705788889
4367424270130164508
6217850800017579796
6236680150001057201
6236680130002923999
6222021103017039687
6236681260000112441
6217996510008940387
6230582000062620078
4563511200015567762
5124669960240382
6222022010035285110
6217983770000110984
621700332001300287
6226220181664946
6270670388714008
6228481129365242870
6217001700004023600
6222021102040336730
6217003650001325078
6226203100706154
6217001270005691029
6212261202004593001
6215581702001188388
6228480120825305010
6222024301062653827
6228480339053809770
4367450118187430
6217001260009877823
6212262518000543446
6228480403208751418
6228481128718704776
6214852105292018
6225752100993320
6221661012712211
6228480246018783265
6217857000043701935
6228480478450022270
4367455131653383
6217000400003499148
6217995020003444519
6216666101000587367
6228481136284728574
6222020510009119585
6228481738039108174
6222300453409032
6227000066510007929
6228480246110394664
5201088023393037
6227603400404013
6222021001064847699
6222024402050169683
6225757527135736
6228480462943680811
6222021206000840084
5324585012319693
6217907600001279103
6212261001035091567
6227002349191790544
6228480393068800118
6228480020602126516
6200582201000263558
6210985810011455888
6228490466000825860
6225882304612648
6212261402019762928
6228480048964654072
6227001376140062460
4033920024165641
6225556270095471
6228480598861358672
6216910305046580
6214850280726503
6226097913305695
6217003760106896574
6225882013465395
6228480668053612374
6228480448728291072
6212263100015046746
6228480329178854876
6258091642177625
6228480470488686010
6212253202002066364
6228411534508329770
6217856101008544319
6225551362188722
6227001219050225307
6222080409003678695
6228480448610408271
6225551040618405
6217003040102315600
6217002390005168999
6212261001041620623
6228480566064782568
6227003525780078206
6270670384088209
6258101641097367
6217858000046184401
6222021103023022768
6222084402003352904
6215583202003326324
6228480962053565512
6212261001055235433
6212264402016122438
6217000010018448145
6212251807001214559
6222081108001516365
6227003108010143726
6236680410001082132
6217002230001611537
6215581207000794145
6212261706002043850
6217003240004354059
6217906300002754839
6228480868647554872
6217000870001260470
6226230212389819
6259960168281038
622908446266490712
6226190102178989
6227002171235148855
6217004470007553618
6212262902009816724
6226095312576742
6217000290000508938
6225758205140626
6228270011160507472
4062522859373284
6217002920116418824
6215992900011186417
6217852600005284955
6212262410001555456
6217858300008250830
6212262806001647443
6222021616002085811
6013821200015991060
6217002940104305221
6212262010019905873
6217855000044470359
6228451190006277713
6216618106000587829
6217004400012767218
6226880031398928
6217732001208945
6227004473500037906
6225758343889704
6222021104007690810
6227002030030080236
6258081370079317
6217903200009324821
6253624330375724
6217856100054949828
6222023100065921889
6214830219587481
6216696100000285273
6217231208002849598
6215697500002614027
6217992400026288544
6228480128382203577
6225220114961923
6222020502015841765
6222020508006428348
6226090292138332
6217004470010470032
6212253602004572071
6217000010000742760
6217003860012452262
6217231307000693162
6217852000012615848
6236683130001144883
6228481044668925313
6217003950003187868
6217000010051944315
6221550387936960
6212260409007394300
6217001210037821657
6227001542610012299
5203821070340099
6222022319002574640
6210987091002620123
6225884713378829
6226580049817089
6217994950004290480
6226090281462156
6217001210043330354
6225768751348564
6227003762960157910
6217004560002190356
6222024301035612843
5201521340701524
6222023700016738330
6217900100000717291
622908376774715914
6217866200004667971
6222021507003479642
6226020190564701
6228480018187519071
6221639400202193
6217007140003958759
6214830112589501
6227003772990004347
6228480030524811913
6228480831702476613
6217001250000686638
6227003020240422483
6222020200084127543
6227007103250147913
6217002390013194946
6212881712000122233
6222001508100348973
6210812590001263935
6217001460008444639
6226580033301728
6217991810001546362
6259650001961686
4340621149778882
6228480339319340578
6230580000084288005
6228481042495851413
6222021001074682169
6222800942565004891
6236680010002885978
6217003320029858464
5264102671026833
6222021001088205213
6222084402008402092
6222021203028060720
6217000130007504086
6228481318780259870
6228481822815442518
6210986128002276521
6217992900010838964
6259073789497890
6215584402006753172
5187100011724863
6222022019002744678
6217995960002799159
6212262402004845430
6228481208030979874
6214837340156623
6228481200229409615
6228480058529643577
6222280017112415
6217003630001099618
6217002390010494976
6226800040917724
6212261207005419916
6217001630010867924
6217731400095333
6228480328292977571
6259650852736922
6259960078395589
6217230905000667234
6222022102002586966
6228480338177381476
6217001770000842410
6217001630010052956
6227003900230199268
6217002030000821495
6216618009000245382
6221886580011029317
6212261001016731595
6225880257658923
6217004050003637159
6228480330043905117
6214838717819355
6259588672693537
6217233100004754629
6217001820012113589
6217003000000713306
622908483782941118
6253360000796697
6222023100092685044
6230200760015755
6217994910092277609
6259053279213684
6222003901100479245
5324585060500111
6227003762990325636
6217560100003302571
6228480028415157974
6228480402894048618
6226090109981767
6228481459062003873
6227001253481082003
6217995930000064971
6212263100025006284
6259581600183218
6228480648714312572
6210986711000732296
6228480052061429412
6226230002449211
6227000012760195006
6210987111000392481
6228480086757695878
6259623251086108
6227001322050197557
6228481828453478276
6228480031350947516
6217001780005878491
6217001630020157399
6259960012129862
6215582303000008435
6225561211346959
6217856101020389859
6217856100021220618
6228480238460517978
6215996580002443237
6236681420001222439
6225887904061336
6236683120000963623
6217994910021779907
6228480838814882273
6217007200038474659
6221882274000310581
6228480861114530616
6217000060027577020
6222021509004566195
6228410090233081518
6227002732600432503
6217001820026764450
6225882302567125
6222023400009742742
6228450468075591979
6228480928310561479
6228480338237768878
6212264301008037028
6212260200091553137
6226580023353150
6259650366391354
6236681540007132173
6222082102001908333
6217003860007843996
6225551400152128
6227002031011095763
6259655591588161
6217002870010617379
5309700008005433
6212262304001518087
4392258381241076
6228482308743051174
6228482132572882016
6210981270009116279
6226230306777366
6227001689790011789
6228480316007440969
6227003244090242714
6217852000002232059
6013827001010437636
6217003810051096462
6222021604001075751
6221550386586865
6217994560020033580
6221885200239096342
6228480423239641818
6217853600024802331
6282880034643180
6217001210007690371
6222800341221009891
6228480392953611713
6215590200002383081
6226580052973985
6222021001112867152
4367420690260137475
6217850200005130662
6222021602018016818
6212843375320322193
6228480256771428164
3568690001633300
6216610800006407713
6222021203020173422
6228481998285105270
6227002001310261218
6217000940010089200
6217004120004443822
6225212504842961
6222021001140992444
6228410364508503070
6217002270004611456
6217003660001673260
6217002920116459075
6227003890200279804
6217003920002204014
6228483330869920411
6227004472410152847
6210811592790058329
6217995580007718960
6228480424413326614
6217906100006498536
6228480128197209470
6217856200013833996
6226904804554374
6226011031271630
6222022410006052269
6228481208194399976
6226880076783307
6212260609000408094
6210810730007578793
6221550985588825
6226090109146411
6227003811140431156
6225768740238819
6217003860009831965
6230580000026840426
6217003260001378000
6217711502756677
6221680033605618
6225758209434470
6200580200001983398
6215591912000090752
4816990410716698
6225683221001134314
6259650266874343
6217002030003448734
6222024200004655793
6217856000050029437
6227000839380078406
6227001436130085861
6228480668546706270
6225768716564453
6229027161320101
6212261306001182658
6228480338110972878
6228480383273411611
6217995990005654119
6228483618593380971
6227001376200109151
6228480568005065673
6222020402044889051
6222020302017617341
6212263012002150342
6228480010602394511
6221887300033840214
6217003180001496109
6222300525577568
6217000780013355525
6212261714002581176
6228482670180466110
6217866200004637693
6212260511005476151
6212261001040707942
6217993300024940923
6222021603005531850
6227003811630620029
6217995200095192941
6221885961001011567
6221662145277379
6228480989501468973
6228481558311057372
6217001540012665053
6212261204006713132
6228481459063640475
6212261406001778214
6217004220017175856
6227001215330025095
6217994730000229934
6226960802173195
6228480096701196675
6222081105003037531
4392250809725681
6228481518413360876
6225768789053327
6212262403005202282
6225768321698183
6217880800001566621
6228483829168958873
6212260200103540536
6214831287006735
4047390080086616
4392250806737812
6217001370018891366
6259650972609371
6217001210044207643
6212261001031184416
6228483499443295572
6212260200007507722
6217004330001335679
6217004390000609383
6217003810000332026
6217900100015050118
6228480136251299774
6217002110000409515
4984511102949201
6228481866139394160
6228450740044866611
6228480488506747879
6217991340007805711
6228480158044647770
6212264402033720297
6228482978540822272
6222023700034597742
6212262008013788766
3568950033417787
6217586500001136170
6212262010025695419
5203821641764504
6217231211000294452
6217003170006658241
6227000013760166534
6217858300028147529
6222021208018107894
6222800180611011988
6217996610004561615
6200600014451076082
6228480536260290369
6222021901019718954
6217004050005182311
6217856200024391521
6228483868531278270
6222021713002997101
6214838711614232
6228480256801369164
6217003370008807644
6212261001028300017
6228451330046203317
6228452208027081978
6217001210069278040
6226091210356642
6227001842620398567
5502130000882958
6217003890003639718
6225887172174845
6222380040121639
6217996810000305716
6228480372853399114
6217003810001445199
6217002870027205846
6228480372190137318
6217003910004356144
6228480838654354870
6222021901024426536
6217002870042614451
6222280005937104
6212262013013243093
6217996020011259007
6217682400136629
6214921201822265
6222021204014927195
6228482868503703470
6214921100588348
6214830216355718
622908348156206515
6228482898003856171
6226580052186414
6217681300783613
6228484139524529676
6217993900035375181
6217903200001943289
6217230603000078391
6227001217470071855
6228480088661056973
6236681450002403415
6259063746805103
6259588667518269
6228480369310910376
6236681480002266504
6222370084059688
6215581115003825172
6259073241103458
6227602271630870
6225887859515823
6212264301006877235
6212261308001964036
6228480688264730278
6212261404001073058
6212261001019184560
6215581103004233604
6228482571197793415
6217001210050967643
6222020302018767780
6217993900019641152
9558803015100842207
6225561361451625
6259650803695987
6227001141210673962
5502130038350218
6227003761580188339
622909337393560213
6217003950000706140
6217002200007443748
6227001731220053856
6217001210034459550
6217000650000224655
6259960180962094
6221681005369290
6236681310001177750
6212263301011894309
6222021510010976154
6259656681315721
6217003860025811462
6228480368667809876
6228480469468036170
6253390002781751
6228453618001984972
4367423122290153642
6259650273360765
6229019277734101
6216611800003027299
6228482092550141811
6228481552310782015
6228481989342917773
6212261602002635953
6228480605224814513
6230580000079882465
6227000167410026983
6210983000085488468
6222021210002434169
6212264000023656529
6214853511058738
6217002160001574338
6217992210000472620
6228484048265879671
6226097559090486
6216618102000775605
6210810730017329625
6222082309000666206
6225881237300347
6212260402011910013
6217858000018172848
6228452090022491018
6222080200017517627
5123168365907134
6222022713004828063
6210984280006345562
6217002300011285489
6217003810007186631
6226500811450646
5288560035008007
6226901202718155
6217991270003935651
622908613068610710
6228480038148653074
6228481198513778879
6228480928269632578
6210983000010588838
6228480330110502912
6228270021233067875
6217232605000383224
6228481298368309273
6217004010001845568
6210810120001756209
6217004120001545934
6217003420000988734
6221660071777909
6222021608018281898
6226191602392047
6216616315000038277
6222024200016329163
6217857000053304802
6217001240001522684
6214856557008103
6222003602117661805
6229180018240699
6214854712454668
6217001460004626924
6222020705004819060
6228480210482942617
6228482900157149211
6217231202000107547
6227002481650056735
6227001219620361681
6217001260004500024
6221887910068660236
6258101643229216
6228480395716377977
6221886560003755509
4367452061135804
6227600382300839
4392268314452880
6214622521000280887
6216616205001194502
6228480438256137870
4367420731770159813
6228481198632754777
6217003980000523963
6228483878011464175
6236683860002155658
6217908400003843165
6236680060001333132
6228481985269825775
6228480848802475170
6217856100000913514
6226300511682725
6228413850362389413
6228483048607174477
6236684220000795790
6228481739132806078
6228480425024126376
6221885924001011375
6221882220009928444
6217002950103434815
6228480759744585879
6222022402004462673
6222024000055317412
5149583258638291
6212262103005010517
6225881253623127
6217231614000626211
6228480328811228977
6212263301010775442
6228480188037830570
6217002650001396997
6214859911568358
6217003480000179395
6217908100000222435
6217906101003390296
6217001240005121814
6222082008002239406
6217003760022681480
6228480288999294375
6217994910067714131
6217002460018972354
6013820800093377180
6228480141001676917
6228482109604224672
6212264301007120981
3568891186899670
6228410400327892516
6228480492973979718
6228481718677705572
6228480858079338472
6259588672765632
6217993300026462231
6228480028407590877
6222020502005589820
6222022402013172644
6215991481001471326
5124669962658086
6214834710814972
6215580408000415316
6216600500002033727
6226622601185537
6259650975155976
6228483829041482976
6214836558069882
6222082010003256546
6228480455251221673
6227002291024710788
6217991340003547903
6228480128026028075
6225887904048382
6215996041000060242
6227001540410101643
6258091650504579
6228480328701686672
6228481660480326412
6217002430031593941
6222350095745483
6221506510002113309
6217582000017808536
6227003762610377983
6217001540014842312
6228480318154555870
6013823100103537486
6212260200083603064
6217002430030587621
6217002920110128163
6228480156049945769
4367480076621609
6228480089397667166
6228480478475507271
6222022003007143532
6217003320006853900
6217996100003940267
370286003267405
6217002920122935753
6250860611369100
6217997050002812968
6217996530002181309
6227000267060431986
6228482468482576573
6215983760005423296
3568390064721841
6215583100002310093
6217253100011659469
6217858000056828392
6228100040837917
9558801306100773787
5448870003017477
6228481238091436274
6217002200016903088
6226097554100033
6228480083978964316
6212262409001826610
6217992260004152322
6228481686001583165
6217850500004038455
6212261405005428982
6222022014002120672
6227002349192601302
6221503000025774181
6217000440000029191
6226193401365810
6228480038331367375
6236681270001174381
6228480098645861273
6227001332010177748
6222020610002743520
6226580046158123
6217003650005742054
6222023100088345595
6228480038185070778
6212260200087689887
6217858000046445273
6227001791430177606
6228482079423544875
6215580409003864872
6236681820003081719
6222020511010697734
6217997300007501870
6221506020006550944
6227001449040073414
6228480038365984970
6222370088397001
6215592610001821725
6222020706004279289
6222304048773464
6228480469670197570
6228480568068301171
6222801375221037139
6217001540000138261
6217002950104936743
6217004220035500671
6217857000033284744
6212261001060370605
6228480712452914716
6228484038396316578
6217000260001590508
6228480603883015316
6217000060008262527
6212260409003238949
6212260200058218476
4518100022564954
6212261205002886483
6212252102000089718
6217002170001844557
6228480462347702211
6212261001020466360
6228481531504074710
6227003812580943692
6225760010598550
6222380028097736
6226800046105654
6216612200001836990
6227007102090109752
5240910015980955
6222021712001962405
6222083602011552632
6228210259004083076
5316930004097404
4033930019085605
9558801001171508374
6228481006387977263
6210983360000779833
6217000780045069763
6217002250000055007
6226623004607069
6225768710576164
6210985941000502297
6228481018189992374
6217001680000521056
6212263602072729692
6236680410002466599
6259960021810494
6225680621017591980
6216616007000389624
6212261001042155074
6228480048813913778
6212263202012898184
6217856100039428328
6228481822444776518
5176509900721579
6228480328832905371
6228480469238773177
6228480638188033978
6259650002657978
6222350023025297
6225750002752208
6228481709102290678
6217994930013565155
6212260200020160681
6217232703000022759
6212264402018318992
4218653311111161
6228480338312808870
6228480548193795471
6227003114150232311
6227002230023223054
6217004400010973586
6214857630233189
6212261604000566628
6221885200203935772
4096664035618339
6216612000008111375
6217002000038557890
6228481389211278078
6228430339467876978
6236683950000152904
6212880909000178394
6221550875467676
6217001460004938733
6217230806000859062
622908363752065215
6214855770064802
6217003240016628342
6228481823135848111
6222801541271015925
6217856300016315056
6228480530155382316
6222022015007828573
4062540314686124
6217996170000889767
6228480840795704815
6214835743088922
6228480478423087772
6217995800033331640
6222021102066848816
6212260705001977549
6228480609299670875
6217003860006205973
6217992270007482410
6228481738115185575
6227002980260466879
6212264402034480347
6226622207333333
6217567600018836201
6212260807001491206
6253335399373506
6217003370012698930
6217002920131463177
6217731901086542
6217001710001673604
6217587000005304378
4392260026691558
6228480248164735271
6228480322031945619
6259063781465177
6222081811000862777
6228484102326328317
6217000060011850888
5288560000517255
6217000940003660538
6217868500000834584
6212260408003929648
6228480989499420671
6282880044297217
6228480438034893471
6259654140210377
6228480898508450274
5522451280001952
6222083100005058021
6222021311010124279
6217994970001305743
6222021001088361446
6214839911409951
6217002340016833842
6222023100092178354
6228110018272617
6212262402004990251
6226880061717823
6217001720000879201
6228480128255213778
4270300050682524
6215996510000239972
6228480931489446019
6228481396279814579
4563517614301640766
6217003760039983739
6228484048017791075
6217994910027732736
6200600014451600816
6228480469601088476
6217991810001985784
6259651259348014
6212261001040117910
6228480360522469517
6210810840002033536
6212262011016991429
6259651871636622
6222021204003815997
6212264000031026988
5324585030543225
4062522874797640
6212262010023960252
6228483478721255870
6217994950005903222
6217231208003421272
6214831234227798
6230943170000926970
6212263400013647499
4895920341339322
6212261202021784740
6222081818000396326
6217000430002146457
6227001432050041059
6222020407009414118
6226193301244149
6228480329156854070
6222022201023799739
6228453350005814316
6225760023452118
6259642200058687
6228480668208008973
6225882017356327
4563518401827023332
6217996620000286158
6013826101052164931
5248653560037209
4367422000025763003
6212261202012388139
6228480445409428577
6217857600026275540
6226899002288496
6214830140265066
6228480089940853776
6217853600015154502
6215582102000728178
6228480469635976571
6228482879119472178
6228480018300545474
6217234200001755824
6217900100001953366
6217004229999030740
6229100014890842
6222021304005594861
6217856300020354794
6227001263179517178
6217003230021146422
6228480059453260677
6217000780013349544
6228480084945277618
6217000340001561145
6216611200002635509
6225881298042168
6217003570000190804
6227001264270106127
6259654221781692
6217007200012004795
6214830275825957
6212260506001847496
6227007200871515260
6217002870011525506
6228483858096663172
6236681420001632132
6222081613000861506
6230200053007824
6236684220005606869
6217710501028005
6212264301014316440
6226210013370184
6282630010114809
6228480409455528078
6228480668508291576
4367480037519926
6212260200083891560
6210983930002011938
6217998700001023731
6222021107007275474
6236680170000430530
6222801420911123284
6222081203003562770
6222021001023868380
6217001210046657175
6225683421004371240
6228481268105501078
6217857500018487543
6228480395562461479
6212262402015206986
6217997050000988448
6228210119000084173
6214835712547643
6217995580010668087
6228480310153814010
6212261605001822258
6217003760101619914
6221883320029656295
6222081211000766856
6216616102005580069
6228480698518096772
6217858100018841481
6228480084524426917
6217001830017403315
6217002190002645183
4392250043390193
6217001830007456943
6222022016004769562
6221550328139757
6236683130000932767
6227002006560326256
6228481758715352474
6221881600012481724
6228480096697044574
6222020302062506001
6216612000004670838
6217994950001799376
6226890022579188
4563510200034915217
6227001542730030205
6217002870048267957
6217003430000801969
6217001830018575798
6212251001002904414
6217001880003860168
6212261202022553755
6221550898973148
6217001630012076300
6222021111014846889
6212261205002273658
6228481336279202961
6217992610069531895
6212260409001228108
6228480588848528174
6013820800071755167
3568690094013915
4340622340039272
6227003031230112299
6217995690000558535
6222021001100721338
6217000340003753849
6228480331737549617
6236683760004863269
6217002090001827727
6212261405006257760
6215696100009071221
6282550121602106
6259650876580835
6210812831004894494
6228480478344693278
6217582000021582440
6212263100017743548
6228481708877952470
6217001270008559595
6225885415445063
6212262017006947321
6222081203002568471
4895920327262514
6212262404003556224
6217002300003220643
6217001540009466135
6214830117989235
6227001273540063695
6222020502015857852
6228480031231083010
6212260200034640504
6228450020015553013
6222021205007631322
6217211203003231148
6215592603001418287
6228483169190741470
6217997900007688559
6225882129262116
6217000010072032066
6217991910015300481
6222803764441090572
6217001270009308596
6212261207011883220
6216696100001255291
6227001833260151762
6217001460011072930
5187180802229579
5187187004666433
6222022105003557852
6217994910039728748
6228482508227962370
6217993793001398240
6228480031049459014
6217004550002053514
6217992280000241358
6222021102029401315
6227003000140216581
6217002940102283529
6228481590002248317
6228480038945553170
6217857600005305532
6212261614000429677
6228450088022186374
6259960047929104
6215583012000091726
6217993970024029925
6227002960400332405
6212882015000072955
6217852700007676974
6217856100033098044
6217002440003718517
6222081210003701290
6217567600030965210
6259650971090102
6217997300009282859
6227001218200366789
6217003100007407918
5187180014212561
6228482928090810375
6228481732228351612
6222023100056345585
6228480298407139872
6212262018005535828
6212260410010773167
5201521620939711
6228481823134642713
6222021001052146112
6225768783131822
6217002920124894230
6217007100003807240
6228480316104566666
6236681590003869658
6210810730030470703
6228481972508436713
6258600003678136
6210984910012093802
6212252011000633195
6228480338236837476
6236683480000000697
6221886020088941888
6212262305001652719
6228482048390182175
6217903100012495057
6222081108001161352
4367485015208111
6225768763061338
6225882304473637
6230580000088358762
6212880804000011572
6221550988304675
6228480969625292772
6227003950030085118
5201521645239501
6221506400002521950
6227001141060496951
6215581502002682813
6217858000056543033
6216611200001180713
6225210600589833
6222022303001664446
6217993970014008491
6228480768521432270
6222021001084983102
6210981100016280752
6212263602061868964
6217996730013015351
6212262314004959006
6215992900011345666
6217003810036640103
6212263002002142878
6217856100034428984
6217007200033533905
6212262006003117038
6215583400002760200
6215695000003834189
6228480328682339671
6228480316132413964
6222001001117024357
6217858000038399173
6217001370010143295
6222081207004175995
6228480093969845713
6259654151962452
6217993620000732873
6212263602063070874
6217857600016103819
6222803920052516822
6210984750026117159
6212264100022702439
6212262402019479175
6217004140003083098
6222082106000798421
4047388800183317
6236683170002061959
6214830275680972
6282880018948480
6228481985271282775
4367450106583350
6222023602061484259
6228480409768203773
6222350049925579
6228482578607039677
6228481188553476377
6253390004161226
6217993000252365591
6228410410246541318
6225758104142525
6217001250006121705
6228480866232624969
6227001375390156642
6228481059785432878
6214850217800876
6217001630011767735
6222300525954726
6225758312381345
6225551310398233
6214832103488917
6228480488625816676
6228480858403543474
6217994910068702473
6217007110001974595
6227001217360072609
6214837520177381
6225758309569506
6217560500020914102
6217004470008656006
6212263602002781631
6221888840001930892
6227001335040077986
6013825006004644529
6228480609242703773
6259588663637980
6228412834526122473
6222081307000958038
6217856000038639828
6217993380002440237
6210983450007884528
6217231607001385555
6259699902477318
6228483368401355274
6228481746063165069
6230947200003580486
6217003810001519928
6222023602096657507
6217997300003978502
6236680410002226282
6217993000096596054
6227003920270185423
6221550348312426
6228480359313459877
6217993000227559088
6228480038520705377
6212842731800042902
6222023100071269885
6214830213946857
6217003810055135894
6221550890611258
6228480409452467874
5240707617123103
6228480361711203113
6259654080009953
6228480089339435979
6228480085313147614
6228480606382357972
6214832129971805
6217001450002663268
6228481388457397279
6212262517001835363
6222021914002826817
6217003040103731706
6217001210079336275
6227002180801698235
6222021001077117338
6217003970001194179
6217001240004816489
6258091644975190
6217002000014821104
6227000431640192977
6222083901006677580
6217903100017865445
6226880078910916
6217995800022868271
6228480316035579762
6227523701813821
6217002390015391185
6228460468013938579
6228480898753553277
6217211206000064271
6212260408007090363
6217231207000428967
6217003110000138816
6227000065190065017
6228480398439210277
6228481738028783672
6226190302654797
6222081001022871432
6217000060005996754
6228481338812529074
6217001820009230636
6210984980009400914
6228480868208325274
6228483336285918566
6228480898570461175
6225885928624402
6217858300020202827
6236684010000000808
6226230198727016
6217858100008490836
6222020408007771616
6228480938525299773
6228482099607617271
6217995200021442667
6228482300432631416
6217001270000049645
6228481208166176279
6226095712182562
6217882800000207753
6212262011018712575
6222022305000046558
6227001935110417085
6227001542540125609
6228480328468540377
6227608126873292
6212262011013916734
6228482028075079078
6227001822510262081
6228481528451028277
6217000590001801871
6215996731001797293
6210983000029957982
6221550887901688
6217007110010273690
6210983370000633864
6221507300013402118
6217995840007160799
6215581116002031077
622908211835187615
6253333191007596
6217993790002781614
6227004141610002025
6226230038243778
6226220704650299
6212262307004648009
6217856100061859523
6217991340001937999
6227003761430168739
6227002349191779554
6228481099399065276
6226880075693135
6215683100003679180
6226800037315023
6217995030000789287
6228460018009716776
6217997030012684532
6212260605001908231
6217003760102934585
6221662152000383
6228483048497695573
4367455135073349
6228480338597293277
6228480338284890278
6227003031070131797
6227007182040038608
6228480052180192818
6013826015002767975
6228480394038635816
5124660012556578
6217004280000010825
6212260200045703531
6210810620004105700
4062540311272589
6228450028023127571
6221550365003213
4367420260972182670
6228480609328514771
6217993000208704620
6217009970000058338
6228480598192907577
6217003810030378015
6212260511004197568
6227002349162692844
6212263602065950230
6217000010078250977
6222023100082388468
6217003380000290335
370247042895259
6217230503000254077
6222022110001516249
6228480089746727570
4270200017572588
6227000170170145506
6217993900006286318
6212262015004868747
6214830257418953
6212263602072134885
6214830126092732
6228480028125780974
6222370143865620
6228480158108781978
6222081205002430933
6216610500003509483
6228480150177083717
6217007200032175609
6212262406001024402
6222022403006311090
6212261202015300792
6228480120808723015
6214830162000987
6228482068961748972
6222083500002457888
6212263100009444709
6228480868046899274
6013820800077801452
6212260502000392386
6215983760007782079
6228480329452506473
6228480703126587715
6214670780005934051
6217002160007709888
6226090232555215
6228483618554745972
6217000010030952603
6228452946005918469
6217003580000380065
6212261910001000974
6217853600010919941
6222023602060093333
6228480048824461676
6222021718009939063
6229012791595108
6225885416880631
6228480429742079073
6212261502007454295
6221680040058090
6210981610000892784
6228483030658584010
6212261001044362298
6216913301310984
6212261208007328188
6217856101021190637
6222021001002776885
6236683760000232295
6212263100010636582
6228481002215871810
6228481268885737470
6228480272291697410
5248653245327793
6217851400000494381
6222023003001214957
6212262502013371102
6236681820003457232
6214835720066982
6217001880003123344
6217002290015204026
6228480128310221279
6259656580474322
6259655553353711
6217007200042600091
6228481068888406275
4512893705830108
6217230402000471262
6236683110002231764
6217996590008920340
6217906101001665095
6217001080000245642
6217000190006711959
6228480129914443772
6228480342833472711
6228480018694928476
6258390301217841
6225768730669023
6222023008001863489
6217220502000638059
6217852000013000446
6217007200037022277
6230943230003528528
6221560594376991
6214830253351976
9558822107002392733
6210985810012742078
6212263100008837614
6217858000047030876
6228480900406192717
6259656140942271
6222300010858325
6221884910028354998
6228480038269437778
5203821372095375
6227003761440761457
6221550892702105
6216610800001548925
6217856200007050490
4835368200321697
6212261001057535483
6226580053985186
6259691102204907
6228482139129455170
6217002870015476342
6228482900465135217
6226097590039252
6227002920200110724
6217003860001078979
6217233400000122353
6222021115009161634
6217001460000203637
6225884201240317
6217222313000170806
6222804402231005521
6228480321374173516
6228481149530234172
6228480316084894567
6217002470001613691
5149585457482611
6217857000043043858
6225551013208226
9558803602158443986
6222081908001411354
6228480359408179778
6212260409005248789
6217001240009653010
6228481198313907173
6214831201452783
6215583100002291798
6222023602064334907
6221682293745480
6212260509001400126
6217857500014831090
6228480332978719711
6212262018005307475
6228480388119367679
6212262703004490741
6217994910072224621
6212260504006241054
6216616012000421138
6217880800002645226
6226890051441318
6217233901001144171
4367421420059943845
6214831204438201
6228480492864004816
6228481134293966319
6228481842120326511
6228480031341339518
6222083602003092571
6227001882900140610
6217000590001286479
6225970010130839
6217007200024514013
6217002870051939328
6228450718061917079
6222801278121033937
6214831211857062
6229100023366107
6212263400001588267
6228485018572059175
6228480831453578013
6212260200115200178
6227004402000557972
6217858000046101801
6227001253210852585
6217000010014322773
6228480038305034472
6217001210071384059
6230580000073865029
6228483308136734773
6228482079317462275
6230580000055004597
6228480606343627372
6217003810026759277
6226691000422742
6217003430000868059
6212262703004007412
6212251206000156236
6221506530000030958
4380886213845500
6225970038255725
6225885358344646
6217001000003658815
6212260706000439788
9558801402103185473
6222370059219168
6228481770489326618
6217002270010240084
6228480568007166578
6228480469650972174
6226880033858713
6217002000026828535
6228482058548981477
6215593004000295975
6217004540005518019
6214833714382531
6217001250004485748
4270200049667646
6228480363076524315
6221550467593657
4512890660821106
6217004270008908518
6221885933000938413
6228480318067018370
6214990352388889
6228210409032055972
6013827800011880524
6228480395005027275
6217858300030220447
6210817200025259654
6225561644881887
6217004400010200857
6217003200001575270
6228481359310019376
6228481978740401472
6214838714577097
6212262307004943103
6212260200114963503
6222304389290425
6259618446542106
6221560692041786
6217001210069805743
6227002554360497181
6225885358339166
4563517606303177730
6212261702003567609
6226202601276576
6217921070161024
6215993680001831771
6217001260003285346
6228480478192635173
6228481900719921215
6270660199584542
6212262010020199946
6236682000004883087
6228482928470686171
6217007100005935692
6228481045115348074
6221502600026924312
6217994730006093136
6228481338134360570
6217007100005847798
6221550314148507
6222020602012656321
6222021001138959751
6217000180017873534
6227007144010134650
6217992600011732428
6217855000043295542
6221503330006301427
6228481528801577478
6222081105001944894
6228480409109049273
6212262502011924852
6259066197208644
6228100020036589
6217233015000168915
4367422727010064878
6227002470180129393
6217001240012603317
6226660203461666
6228410374549551673
6259622699674103
4367450024112829
6226880080112030
6228480028578346570
6221503310013121463
6217001260006865094
6214850217800686
6214832601115111
6228483478607513376
6226370008986582
6259063253563954
5268550474303435
6212263803010743981
6215697500002890858
6228480038106717473
6228481738118318074
6217001040002823291
6217003960001263652
6212261001009450054
6217991430004639385
6228481828061757079
6228480928312853676
6236683410000026699
6221884730035968790
6259064262292494
6217993370000992537
6226180908555555
6212261705007629754
6228480382754453415
6226230002344438
6227001271540074381
6217000010015621025
6217994910068531252
6222021001039221806
6228480608063089379
6226880032190662
6215592317000564872
6230200220186121
6222023100060383325
6222022308005051789
6217858500001621248
6217004050000186721
6216912201158063
6236681820000393562
6217002300004247512
6212263202000099472
6217001700004643803
6228480838818781372
6227002873210138146
6217003000105476825
4367450123334761
6228480458912762671
6228480608567611272
6217004540001190581
6228483076019118568
6228483878096200072
3568390059839624
3568950027292709
6225882136684542
6222801436131032212
6222081110001174765
6236680280000104843
6227004022010187030
6217002340014529731
6228480418445836574
6217993310001535059
6212261302001496412
6217003860009511294
6228480218283912572
6225571210200792
6217002660002834060
6228480462854705417
6217991750001210595
6230582000050981060
6221885200200878769
6228480938716234472
6221886110006710216
6228482109414594470
6217856101012881947
6236682030000011953
6217858300026177684
6222020405004854783
6217007100016784550
6217907000014482861
4367421460367034036
6222021605008130663
6212261608000826841
6214835330652858
6212251102001702567
6217994220001092127
6217002000033201239
6217902700001754140
6236681870000606968
6227001218210149159
6227001215890102490
6228480958944058071
6228482399509538272
6228481466073792873
6228480651166296111
6212264000055124206
6217858000026328325
6217001210068397320
6228480089900140370
6228480018657508877
6228482122188202519
6228480568111124976
6259588895604030
6259074485716310
6217001210062707011
6229180004815538
622848113891449772
6227001264130259546
6225561321476555
6212261409000575201
6221887720000207495
6228480405578502974
6236681260001252121
6217231303001157596
6222023004002162054
6228481849002745072
6221516530011467825
6217003320027304776
6222022604005824039
6217004540000951314
6227000060540451371
6217000210010359254
6236683690000039210
622908406547163611
6222023500016632560
6222021001019623187
6217002020030190821
6222022308006148022
6212264402029332768
6217001930013309910
6217997900020302766
6228480419136441377
6229017034102109
6228480928155860671
6217905000001204858
6236683240001994987
6217004130001915771
6212262517002294974
6228480848034067373
6228480688390424770
6210817200019985520
6217996570003585801
6212262102006087987
6228481816199459569
6226011300089317
6228481130855989814
4062522844422071
6226223980115714
6228483878018095972
6214857672122217
6227007200080200993
6225882132491389
6228481198306996670
6222022304003413162
6258081663215891
6215581506001159046
6236681330000643073
6217003760017213950
6217992250004246448
6217995800015355252
6222801280161000727
6212262012005795078
6228482156280111863
6225882403982066
6228480083955748617
6217002280006977128
6228480020657511216
6217004400009242720
6214830100184588
6222801144401076014
6228482148175861074
6212261607006757430
6217001210033620384
6217850800018484624
5268550006722391
6228483158357083677
6216610100004756165
6217002290007034910
6228480898484881575
6212261115000101837
6217908600000524391
6259073754803072
6217231109000395206
4563513400342721789
6259063559126944
6221662152028061
6217002870013317829
6217003030100964574
6226880067016972
6217996900067015454
6222081104001166848
6228480351772181712
6222022314006021045
6216613200012710035
6217994930000104042
6217993000108735534
6228480868207319476
4367480091349822
6228480031079265018
6212263602057820342
6228270151051062268
6216618700002181936
6222023202039583579
6225880287875679
6226800037326756
6227080240302923
6222300247453080
6216613400005449613
6217568300001338864
6228481538802289478
6228483878108219474
6221508940000430207
6228480678382526476
6228480278016709570
6217994330007384780
6217995200150690177
6227000010760067340
6230580000055678598
6228480580584024112
6212261612002953215
6228480448728275075
6217004320001736018
6227003160910604810
6212261102024137104
6228480211069229311
6228480361131496016
6228480038667482970
5324582014538693
6210983330011901759
6222022902003055683
6226220116567933
6259053631638966
6228480425785862375
6217000410006795087
6228480409862246678
6216613200020148335
6228481099435508974
6226230188024887
6228480405349218074
6228480338940625175
6215581810000929502
6222081408002514264
6212263602021026638
6228483168534160173
4033920027322629
6212262505006289199
6228430120052890313
6228483478473811276
6222021109006527285
6228480368972054176
6228480409676519674
6222023202053373949
6226580051572416
6228480038263744674
6236683320008052425
6217003240000086374
6228480445144875579
6215591306000181895
6221885840090006870
6217004050003187684
6214835326370465
6222021102009797609
6221560595514632
6212262012003216671
6221682280612073
6236680210001106778
6217002240000404974
6227523331233457
6221506242001518391
6228482168725332079
6217560500015868388
6217857000003575519
6217004050003169278
6212262404003917533
6228480444199015017
4033920033038557
6228480031433344210
6217994280011126794
6217000010044952821
6222021105002865984
6217000420000352892
6228480178157877279
6222802349161031187
6217000410005592667
6222021211002313650
6215581105004380459
6217992900015456218
6228480028559245676
6217991000015442150
6230943020000068671
6259691104655072
6228481985677726078
6013823400335201459
6214857671591206
6217002920110437705
6215583901002535310
6217001630019751038
6217991270003040882
6217856000016407289
6259691104080990
6222300291400078
6221550341095978
6215584402007202443
6217003090004528677
6217001210031423567
6227000301380144068
6228480058343664676
6236683860003394736
6217003810030412699
6217002430027924100
6210981000004519098
6227003371180112661
6217002920111506474
6217001210046681373
6228484028406265576
6214837673351148
6217856200021414946
6222021001095678014
6226093511092322
6228480458192824878
6228481999084923475
6226197701131855
6212260502001797419
6228480308996263270
6212262409002264522
6221682260611228
6210985651004337117
6228270146000165071
6217001630006810284
6228480458992886077
6212261001038810385
6212260403006822536
6227003112370121637
6259656090845169
4367420422100235479
4367480105953494
6217007100003989261
6228480399081694776
6217002020037292935
6228480030957436311
6227001542630141169
6227003090500234084
622801541271059790
6226880023505985
6259064460851869
6217993300013057077
6222801277291000098
6228100045320042
6236684220006322698
6236687150000103397
6227001376010042774
6228480758824112778
6228480210983175311
6217001210076942133
6228480158046704876
6228410610034472218
6221550365086929
6217001930007339543
6217996730005655107
6221682070133017
6230580000045914947
6222355120270126
6227000341480109843
6228480719548359376
6228451770003395616
6217231807001748774
6229180004590529
6217231304000093154
6214835911848339
6217858100008340163
6212261001016942689
6217853100012461117
4367482051600509
6227000943060117532
4367480087400928
6222020510007448838
6214835714428859
6217906400010690551
6229100031351505
6227002921180250217
6212262507002341024
6228480831023215716
6217858300023011167
6228481159625375079
6212260411001667756
6228480978397587871
6217230714000532095
6215695000012657530
6217002920119153469
6212260200068514492
6227003180610071367
6221507300019125333
6226220119570793
6235730200000929777
5309900063644411
6228480329247887279
6228480252960108618
6217856200024101441
6217004270001144210
3568950034092928
6217582000007182751
6217903100006853337
6217996100014744609
6228482978763886277
6217858000014313883
6227001218670030006
6222081616000178516
6227003764710246803
6236683670000112068
622909503105867911
6217991481000438660
5309900051915609
6215581502001791672
6212260200062207952
6228482078345159374
6217007110005798982
6228482958655201678
6228480509364708974
6217000120004656591
6217000140004697171
6217004540011699019
6217995800046642702
6225591211350487
6230580000022798313
4367455160675018
6217850800011090964
6217007100000119193
6215590200002670388
6236683390000395023
6217997070003828383
4367450072148279
6217002120003652367
6259654222257817
6228483688600588270
6216608600000269661
6228481588102740076
6212263009000723328
6212263100005930040
6214992750001650
6226890082699041
6217250600000026763
6212263008001173186
6217003230013691955
4367420012120151010
6210985200005663236
6217003760040353468
6217856100028279625
6228482599178425178
628480668697006074
6228484088609494274
4816990013044753
6228480028147491477
6217992610068712744
6212261303003769020
6222020200114005651
6212261602005537578
6217997300024309315
6228481731906807713
6217001310003378227
6259650977676961
6217858400006330137
6236682000001136018
6228480478060188776
6217002270007878391
6228480639133768072
6228450468021700971
6217997300034819980
6228480018032434179
6259654070511240
6228481198197274377
6214839122982275
4895920321922329
6228480038702666678
6229100026306662
6222021602012716637
6217002430020932613
6222022410002025970
6258101642509113
6225887855264921
6228482978295861475
6228480468593589178
6228481002119933013
6259960234691889
6226230191900032
6228480409929714973
6230580000076171755
6227003920270232902
6212262511001047509
6217880800003368075
6217003660000970204
6222300528604690
6228480216147683363
6227000140170979717
6228481836322697166
6212261407002290373
6217003900004367183
6236682950002247315
6217992610053397667
6228482348830244779
6217994750013628401
6225561391975205
6217003100005826937
6227002680170518658
6228481308288881671
6228482868721142972
6212264000003439243
6228480351921360118
6212264301009616184
6210982600084064003
6222022610008518338
6217001630027080990
6215696100008587904
6212264301014695025
6227002240063923430
6236681450000888047
6228482321343549018
6212261202034698895
5123167610106690
6217001210071237711
6222082703003533480
6227002009530576406
6217858000057032077
6227003763070042927
6217000940015719322
6228480418891919171
6228480404865244218
6222081202011894043
6225885222565343
9558801001128943385
6227007200490622810
6221550901881080
6228480328644980570
6229180020198299
6214837820394397
6228480028557449171
6212264000046776932
6228480018696409673
6227001263189538057
6214850100915153
6212261102022074739
6228480038878854678
6227003020230314658
6225561321645548
4340617200926493
6228481259127988575
6217001540018171650
376966860964053
6222021202016271695
6217004540010066707
6217984980001112892
6228481268245065372
6228481136310903472
6212260200108557204
6222020713005610520
6228480419451470878
6228450030015198818
6217996100045112388
6226901206579959
6217002200001587482
6216911203066803
6222080613000067931
5194130012724761
6227007120010135442
6228480296932095262
6222024000064947787
6228480018250949577
6227000690170040506
6228481459695643772
6217004050003743866
6259960036083038
6228480469645978179
6222081818000626789
6217233014000776942
6217000140010394367
6217858100012277344
6230200022038686
6226890039698955
6228481146338576077
6210812520002010670
6228211339035925872
6228480259010483172
6228480399777572179
6228481262283975915
6217002980101953359
6259650881311051
6227001242360001762
6228410344539043379
6228230087241051564
6216618401003325743
6228480288905418076
5316930006775296
6228483876015285968
6212260409010276585
6228480419439343973
6228481988481360779
6222081814000196568
6222021502015845559
6217858000009897486
4340617200500926
6217996550000768261
6222802280091969578
6259653560257405
6226220909852609
6217001210046968853
6222021611004516376
6230210190015549
6217003380006565227
6217568000103829386
6215582308000925249
6216918700080658
4367456002495672
6228481828064553772
6215994681004713916
6221885200206363436
6212262102013872454
6212261615003204801
6217991430007542354
6228480415107821175
6217993910008911771
6214831270607507
6217004120002158182
6214831213488148
6228480010986587714
6215686000001292720
6228481176425011175
6221502900020188561
6217850800017435973
6214837825352143
6228481156432217775
6259190038661132
6222020409008928692
3568680091064367
6222021702039034103
6227000140510378752
6227001218780570420
6217680501734813
6236682340007106148
4367455104247692
6227000898260080817
6228480438433829076
6217002870029110481
6217991750001997787
6228370140786245
6259960016651168
3568390050052151
6217851700001965226
6228480328866860377
6228480638525808678
6228481829003841179
622909433606251110
6217995200186063183
6217856100063271214
6228480831381323714
6228480669037601079
6228481179751380172
6217994681000710045
6214850242159116
6258600024273214
4213490011330824
6221550098207206
6217232402001294067
6217563100017492944
6217004470013818740
6217993900014257558
6212261703005244148
6217993000253594165
5268550480448042
6228482928687333377
6212263901007373174
6212253202010324771
6217908300000151812
6212262402025325750
6212261408007190741
6212260502006972983
6217903200004411243
6228480329331894074
6228480388375091575
6228481134423799218
6212261402008409077
6217004020000471605
6013821900056384923
6228481469862007578
6222370045169477
6222020302023908643
6217996580004484581
6228480405882858278
6222021609013948291
6212260302011110269
6222020511011425564
6221885825000337911
6222023500033685377
6226230200527578
6227593629819382
6210814610001579854
4864945048140100
6253360017804450
6228481436696575070
6217001370025951534
6228480478126923174
5257463667219272
4367455157307088
6217993000167305799
